   32   44   20   28   92   24   18   98   94   42
   48   22   88   90   32   30   24   46   16    4
   56   12   78   44    2   24   54   26   90   84
   98   16   86   32   96   36   10   72   86   72
   62    6   46    6   94   16   22   58   60   68
   46   44   20   74   76   48   72   14   40   58
   66   26    2   18   58   54   84    4   78   64
   12   86   64   52   72   56   74   18   40   26
   10   72    2   16  100   92   54   62   96   66
   58  100   36   32   68   76   34   14    4   30
   76   18   28   76   80   56   68   36   90   46
   70   58   88   84   72   62   48   82   12   30
   78   76   70    4    4   80   92   54   90   24
   72   48   42   80  100   46   16   32   32  100
   90   76   64   18   72    6   32   22   48   78
   46   54   68   68   24   88   74   90   16    2
   28   30   38   54   88   78   24   50   42   66
   52   28   94   78   76   52   34   70   94   86
   68   68   72   94   42   96   48   14   86   54
   34   94   58   52   28   50   10   32    2   34
   86   50   86   54   26   26   82   80  100   32
   26   66   86   10   60   98   34  100   20   46
   66   86   50   28   96   68   34   82   68   34
   66   10   56    8   78   54   64   22   86   88
   28   44   22   68   30   88    4   88   64   84
   62   64   78   66   46   72   68   34    4   16
   58   84   82   70    4   70    2   94   40   98
   16   34   14   62   62   64   22   98   28   46
   32   66   80   40   38   58    6   82   46    8
   86   86   40   62   86   60    4   44    8   88
    4   60   56   52   50   80   88   84   44   92
   80   38   82   52   82   16   38   46   16   24
   78   86   40   62   32   68   88   82   42   86
  100   64   64   32   92   36   14   12   42   70
   80   98   20   38   60   10   10   62   12   22
   38   98   90   54   46   28   38   12   14  100
   22   82   68   78    6   72   28   34   22   38
   22   56   10   90   40   54    2   98   68   24
   32   40  100   34   58   26    4   82   10   48
   60   24  100   98    6   52   78   72   70   32
   18   24   48    2   98   74   46   84   54   70
  100    6   94    4   82   54   42   96   12   62
   58   92   36   16   32   58   98   54   74   20
   58    6   56   20   56   30   60   22   98   20
   90   92   18  100   98   88   24   66   64   48
   86   44  100   26   32   30   42   50   60  100
   64   42   72   78   26   52   36   50   84   24
   22   74   74   68   20   46   20   18   62   62
   72    2   30   60   86   58   76   30   64   98
    8   22   68   72    8