   39   19   25   13    9   79   33   73   29   35
   25   99   97   65   59   45    9   65   21   81
   19   41   57   53   39    7   45   33   87   87
   87   87   15   21   75   49   45   99   25   41
    9   35   71    3   85   63   75   67   75    9
   83   39   11   33    7   33   15   45   81   63
   33    1   77   25    5   49    5   69   37   41
   79   23   59   33   93   21   37   29   45    5
   91   15   57   19   47   99   33   79   19   53
   25    5   11   55   65   91   73   29   39   55
   51   61   99    3   39   85   75   53   15   13
    9   75   11   83   29   93   91   49   79   95
   19   37   83    1   43   29   41   99   49   23
   55   35   63   31   39   17   71   29   93   93
   25   59   15   29   29   65   73    5   11   61
   77   55   53   35   85   67   15   73   79   97
   83   15    9   89   53   49    5   27    7   25
   49    1   67   25   75   83    5   93   83   53
   69   15   67   93   51   37   75   71   69   17
   83   45   19    7    1   51   61   27   69   79
   85   41   31   71   93   99   49   91   53   21
   47   75    5   51   49   69   49   81    9   83
   23   85   75   19   71   25   87   51   63   63
   13   25    9   67   35    9   61   33   53   25
   85   13   87   19   83   55   79   27   81   99
   29   97   65    1   79   77   65   15   33   45
   89   27   93   13   93   81   95   43   25   37
   79   41   29   11   39   83   95    9   47   11
   53   91   11   51    7   19   31   97   91   63
   85   39   43   59   25   17   93   79   89   85
   61   79   77   41    9   81   39   17   27   19
   59   87   67   15   27   33   79   47   35   39
   63   89   41   79    9   25   11   59   27   23
   95   89   27   51   95   27   79   35    1   95
   41   65   55   17   37   89   97   43   53   65
    9   59   83   11   89   45   25    9   47    5
   55   33    9   41   91   53   57   11   33   69
   87   43   49   95   31   61   95   59   73   33
    7   39    7   21   19   13   61   41   27   67
   81   85   81   85   15   49   45   97   15   27
   33   85   59   47   81   69   25   15   49   91
   19   75   31   19   81   33   85   71   37   77
   95   65   49    5    1   41   25   41    3   75
   87   45   77   39   41   43   43   63   23   53
   71   67   29   63   83   95   93   13   19   81
   43   13   33   61   39   43   85   67   81   63
    5   81   29   39   85   93   83   25   85   11
   67   71   59   71   79   73   97   67    5   41
   11   83   63   25   29   77   85   85   47   47
   25   17   21    7   77   75   15   59   49   23
   21   77   29   39   95