   72   92    4   28   36   92   46   66   74   74
   84   42   54   90   54   46   20   64   54    2
   84    2   48   70   88   64   36   16    6   62
   64    2   60   64   10   52   98   60   52   76
   98   44   46   86   54   38   18    8   86   24
   74   52   22   48   52   56   14   60   80   86
   64   40   60   34   48   98   72   82   62   94
   14   72   58   68   76   10   78    4   88   48
   70    6  100   76   44   40   90   54   26    4
   28   18   38    2   20   74   82   70   66   62
    8   24   44   56  100   92   80   18   82   28
  100   58   38   48   34   58   90   82   98   46
   72   52   42   40   88   48   60   46   40   68
   90   54   46   50   10   56   90   84   68   96
   78   84   80   20   94   50   94    8   98   26
   84    2   34   98   68   48   80    8   38   24
   18   88   98   86  100   28   24  100   32   44
   76    6    6   24   82   46   26   16   92   80
   78   44   78   32    2   72   58   72   90   24
   72   30   10   24   44   64   98   60   32   54
   92    6   30   92   22   64   10   52   56   42
   80    6   32   10   16   36   64   78   12   50
   62   34   36   30   60   56   10   88   98   52
   96   98   20   34   42   68   70  100   12    2
   70   48   64   74   12   10   24   86   32   90
   78   90   44   80   56   40   32   84    8   46
   84   82   70   86   22   24   74   84    2   22
   14   48   90   60   46   64   22   10   74   74
   24   58   16   34   66   20   70   98    6   50
    6   46   66   30   22   28   50   14   46   94
   22   46    2   90   28   10   96   76   22   34
   90   38   74   80    6   38   32   62   92   58
   18   30    4   10   38   12  100   20   62   52
   80   52   12   16   98   28   70   98   10   68
   70   96   58   82   16   60   58   92    4   80
   84   82   24   68   42   64   74   50   50   52
   64   10   46   70   80   20   82    6   42   46
   52    8   10  100   42   64   50   12   44    2
   74   40   18   78   24  100   22   24   60   28
   52   52   68   64   36   50   70   90   78   84
   46   42   72   10   80   64   80    4   42   68
   30   16   54   32    6   50   38   82   56   90
   12   38   98   76   80   86   76   62   88   92
   28   52   60   86   36   90   82   68    6   22
   40  100   30   44   38   90   70   96   52    8
   64   70   34   68   16   82  100   34   14    4
   72   50   24   76   44   14   54   88   92   92
   54   86   72   40   50   30   74   50   98    2
   26   92    6   20