   13   21   97   87   37   29   75   57   25    9
   55   37   19   59   53   49   61   43   83   29
   35    3   41   73   67   95   85   91   73   77
   69   43   91   89   15   93   37   69   41    9
   81   95   85   59   93   91   89   29   93   13
   13   21   91   77   83    7   47   61   61    3
   83   81    7   97   43   41   37   57   31    9
   73   41    9   49   43   27   19   23   87   99
   89   15   55   89    9   97   11   85   13   43
   83   43   37   83   35   89   75   67   57   99
   57   77   35   65   37    1   57   35   71   69
   57   45   37   41   13   95   25   95   63   53
   43   67   97    7   83    5   93   31   67   57
    5   45   53   81   19   15   49    9   81   73
   63    5   47   57   39   91   87   13   39   11
   43   79   91   15   49    9   91    5   65   47
   33   35   91   63   97   97   89   97   67   33
   93   37   25   59   27   37   65   15   35   35
   99    9   43   77   61   15   17   15   77   57
   21   49   27   33    3    5   37    7   81   67
   17   13   59   69   21   21   27   97   97   73
   97   73   29   77   33   45   27   23   29   87
   63   69   85   27   31   53   35    1   57   25
    9   35   89    7   17   35    9   41   95   11
   77   61   15   19   89   29    1   27   63   37
   91   91   63   45   73   17   23   55   95   57
   49   83   75   33    3   11   97   57   17   89
   67    3   11   69   47   47   99   15   81   57
   59   99   97    9   65   71    7    9   17   73
   47    3   11   89   75   13   63    9    1   89
   97    1   83   11    9   81   27   89   17   45
   71   87   93   71   23    7   53   91   85   75
   43   39    9   15   79   51   31   73   71    1
   37   71   71   13   77   13   19   83   41    7
   25   39   73   77   31   15   57   59   51   55
    9   63   69   45   67   93   15   93   23   37
   17   39   63   37   95   93   19   31   65   81
    9   29   73   89   15   57   63    3    1   97
   33   19   53   67   85   95   93   75   47   49
   17   15   99   15   47    5    7   51   93   75
   33   91   39   59    1   31   73   63   59    7
   17   91   31   75   47   75   91    1   27   51
   81   47    5   29   25    9   89   21   99   41
   61   15    1   95   65   75   33   35   91    9
    1   93   19   83   27   19   95   81    5   53
   19    7   61   43   47   35   79    7   15    5
   47   19   27   31   65   75   41   41   57   55
    3   43   25    9   47   41   77   81   71   63
   31   79    3   65   45   89   51   37   61   53
    1   71   61   87   59   99   15    9   23   59
   73    9   19   65   89   59   61   53   23    5
   39   59   31   41   43   49